0 0.48671875 0.478125 0.3640625 0.321875
2 0.49609375 0.30625 0.3453125 0.384375
2 0.35546875 0.128125 0.4265625 0.25625
2 0.084375 0.2140625 0.16875 0.428125
1 0.26484375 0.31328125 0.2796875 0.28125
1 0.15859375 0.55390625 0.2765625 0.1703125
1 0.13984375 0.2171875 0.2796875 0.321875
1 0.815625 0.32421875 0.29375 0.6296875
0 0.5625 0.81953125 0.2125 0.3609375
0 0.22734375 0.7625 0.4546875 0.246875
1 0.48671875 0.703125 0.3421875 0.128125
2 0.2515625 0.81953125 0.503125 0.3609375
0 0.33359375 0.925 0.4203125 0.15
1 0.834375 0.8578125 0.33125 0.284375