0 0.19453125 0.46171875 0.3890625 0.2765625
0 0.47109375 0.50625 0.2171875 0.1875
1 0.1828125 0.10703125 0.315625 0.2140625
1 0.271875 0.2765625 0.3015625 0.2359375
1 0.51328125 0.3796875 0.1328125 0.209375
2 0.4625 0.14609375 0.234375 0.2921875
2 0.3328125 0.034375 0.45 0.06875
1 0.78984375 0.30546875 0.4203125 0.5890625
1 0.0390625 0.8984375 0.078125 0.18125
1 0.3765625 0.94921875 0.40625 0.1015625
0 0.28984375 0.74921875 0.5796875 0.2984375
0 0.78984375 0.678125 0.4203125 0.15625
1 0.7515625 0.92421875 0.321875 0.1515625
1 0.68359375 0.75390625 0.2078125 0.2203125