0 0.1546875 0.11015625 0.309375 0.2203125
0 0.1546875 0.41640625 0.309375 0.3421875
2 0.15234375 0.25234375 0.3046875 0.2578125
2 0.11640625 0.5796875 0.2328125 0.259375
2 0.6546875 0.11796875 0.690625 0.2359375
2 0.6546875 0.2125 0.690625 0.3625
2 0.63046875 0.38984375 0.6421875 0.3546875
2 0.62109375 0.5546875 0.6234375 0.328125
2 0.59921875 0.6203125 0.5796875 0.196875
1 0.2296875 0.93671875 0.159375 0.1265625
1 0.0578125 0.8390625 0.115625 0.23125
0 0.16015625 0.78515625 0.2984375 0.1328125
1 0.65 0.93046875 0.615625 0.1390625