0 0.2296875 0.18984375 0.459375 0.3796875
0 0.16953125 0.23984375 0.3390625 0.4796875
2 0.06796875 0.23984375 0.1359375 0.4796875
1 0.7296875 0.23984375 0.540625 0.4796875
0 0.25078125 0.625 0.3765625 0.290625
1 0.1140625 0.8171875 0.228125 0.3375
1 0.38671875 0.81953125 0.1453125 0.2921875
2 0.28671875 0.915625 0.3453125 0.16875
0 0.915625 0.6515625 0.16875 0.340625
0 0.6140625 0.840625 0.309375 0.31875
1 0.7578125 0.78828125 0.271875 0.2859375
1 0.66640625 0.5578125 0.4140625 0.15625
1 0.5421875 0.56875 0.165625 0.178125