1 0.384375 0.33984375 0.34375 0.0796875
1 0.040625 0.165625 0.08125 0.33125
0 0.26875 0.26484375 0.33125 0.2296875
0 0.16484375 0.134375 0.3015625 0.26875
2 0.8796875 0.25625 0.240625 0.246875
2 0.83125 0.20859375 0.3375 0.3421875
2 0.7796875 0.18984375 0.440625 0.3796875
2 0.7796875 0.16875 0.440625 0.3375
2 0.7796875 0.128125 0.440625 0.25625
1 0.34296875 0.88515625 0.3140625 0.2296875
0 0.22890625 0.70625 0.4578125 0.525
0 0.8984375 0.69609375 0.203125 0.6078125
0 0.7796875 0.609375 0.440625 0.459375
1 0.9109375 0.6296875 0.178125 0.5